1
0.0012
2e-07
2e-07
2e-08
1.42e-09
1.3400000000000001e-09
4.5000000000000005e-10
1.42e-09
1.3400000000000001e-09
4.5000000000000005e-10
50
48
46
-3
-4
3.5
0.0012
2e-07
2e-07
2e-08
196.11897002071757
189.6260347435768
-9.679744927716083
-0.3
0
0.3
0.1
1
4e-07
1.7000000000000001e-07
8e-08
1.7e-08
0.9448174552816013
0.00045
0.00015
0.00015
1.4999999999999999e-05
0.9685868186535324
1
0
8e-08
-8e-08
0
1.7000000000000001e-07
-1.7000000000000001e-07
0
0.00015
-0.00015
0
0.00015
-0.00015
0
1.7e-08
-1.7e-08
0
1.4999999999999999e-05
-1.4999999999999999e-05
0.3
12.5
7.2e-08
500
60
0
1
0
0.807155682211277
0.9685868186535324
0.9448174552816013
9.448174552816013
1
205.79871494843366
2
0.0005
5e-05
5e-07
2.5e-07
0.0002
0.00025
6e-07
-10
10
30
50
70
90
110
130
150
170
190
0
192.8725023821472
270
0
0
-9.679744927716083
0
-9.679744927716083
0
1.6232338192851898
1
0
0
0
1
0
0
0
1
150
150
150
150
1.2566370614359172
500
9.8
4e-07
0.00045
2.5e-07
5e-07
6e-07
0.951229424500714
0.951229424500714
5e-05
0.00025
0.0005
0.0002
0
0
0
0
-8
-0.8
-0.5
-0.5
-0.5
-0.06
-0.06
-0.04
1.0
-4.9186693654054485
9.677974987219251
-9.521826441504182
4.684406647007157
-0.9218858176862043
3.00955436553611e-10
1.504777182768055e-09
3.00955436553611e-09
3.00955436553611e-09
1.504777182768055e-09
3.00955436553611e-10
8.599999999999999e-05
270
3
4.2939489631865095
1.9773970835534396
-0.0037826284327231795
3.4145690754538565e-09
0.0031192581778749172
0.23871712409751072
1.0404254788414764
-4.445752310894053
-0.07970760388547704
5
0
-0.023
-0.035
0.13
0.5
0.04
0.1
0
0
0
0
0.08726646259971647
5.5
5.6
67
10000
0.0001
0
1000
500
2
2.2
2.1
0
0.04
1.2566370614359172
0.5
9615.662600496778
8989.50826314305
0.1284822966175713
-9.679744927716083
8
0.8
0.5
0.5
0.5
0.06
0.06
0.04
0
0
0
20
1.0
-4.9593344485332675
9.838163411273335
-9.758473201970466
4.839794044098557
-0.9601498045610809
9.596158584016727e-12
4.7980792920083636e-11
9.596158584016727e-11
9.596158584016727e-11
4.7980792920083636e-11
9.596158584016727e-12
0
0
0
0
0.13
