1
0.0012
2e-07
2e-07
2e-08
1.42e-09
1.3400000000000001e-09
4.5000000000000005e-10
1.42e-09
1.3400000000000001e-09
4.5000000000000005e-10
50
48
46
-3
-4
3.5
0.0012
2e-07
2e-07
2e-08
196.11897002071757
189.6260347435768
-9.679744927716083
-0.3
0
0.3
0.1
1
4e-07
1.7000000000000001e-07
8e-08
1.7e-08
0.9448174552816013
0.00045
0.00015
0.00015
1.4999999999999999e-05
0.9685868186535324
1
0
8e-08
-8e-08
0
1.7000000000000001e-07
-1.7000000000000001e-07
0
0.00015
-0.00015
0
0.00015
-0.00015
0
1.7e-08
-1.7e-08
0
1.4999999999999999e-05
-1.4999999999999999e-05
0.3
12.5
7.2e-08
500
60
0
1
0
0.807155682211277
0.9685868186535324
0.9448174552816013
9.448174552816013
1
205.79871494843366
2
0.0005
5e-05
5e-07
2.5e-07
0.0002
0.00025
6e-07
0.0
0.0
0.0
0.0
0.0
0.0
0.0
0.0
0.0
0.0
0.0
0
192.8725023821472
270
0
0
-9.679744927716083
0
-9.679744927716083
0
1.6232338192851898
1
0
0
0
1
0
0
0
1
100
100
100
100
1.2566370614359172
100
9.8
4e-07
0.00045
2.5e-07
5e-07
6e-07
0.006737946999085467
0.006737946999085467
5e-05
0.00025
0.0005
0.0002
0
0
0
0
-8
-0.8
-0.5
-0.5
-0.5
-0.06
-0.06
-0.04
1.0
2.9754221097456823
3.806018119320409
2.545252868330465
0.8811300754378356
0.12543062215535547
0.35416418109342956
1.7708209054671478
3.5416418109342955
3.5416418109342955
1.7708209054671478
0.35416418109342956
8.599999999999999e-05
270
3
4.2939489631865095
1.9773970835534396
-0.0037826284327231795
3.4145690754538565e-09
0.0031192581778749172
0.23871712409751072
1.0404254788414764
-4.445752310894053
-0.07970760388547704
5
0
-0.023
-0.035
0.13
0.5
0.04
0.1
0
0
0
0
0.08726646259971647
5.5
5.6
1
100
0.01
0
1000
500
2
2.2
2.1
0
0.04
1.2566370614359172
0.5
9615.662600496778
8989.50826314305
0.1284822966175713
-9.679744927716083
8
0.8
0.5
0.5
0.5
0.06
0.06
0.04
0
0
0
1
1.0
-0.9853252392792385
0.9738493318367644
-0.3863565586484489
0.11116384057834194
-0.011263512456565865
0.021939620688464157
0.10969810344232078
0.21939620688464156
0.21939620688464156
0.10969810344232078
0.021939620688464157
0
0
0
0
0.13
