0.0
0.0
0.0
0.0
0.0
0.0
-0.02118
-0.03384
0.10542000000000001
-0.099
0.0
0.747
-0.02119
-0.03384
0.10542000000000001
-0.098
0.001
0.749
-0.02119
-0.03384
0.10542000000000001
-0.098
0.0
0.749
-0.02119
-0.03383000000000002
0.10543000000000001
-0.09800000000000118
0.0
0.7499999999999988
-0.02119
-0.033830000000000006
0.10542000000000001
-0.099
0.0
0.751
-0.0212
-0.033829999999999937
0.10542000000000008
-0.099
0.0
0.7510000000000069
-0.0212
-0.03382
0.10542000000000001
-0.098
0.0
0.753
-0.0212
-0.03381
0.10542000000000001
-0.099
0.0
0.754
-0.0212
-0.03381
0.10542000000000001
-0.098
0.0
0.755
-0.021210000000000003
-0.033800000000000004
0.10541
-0.098
0.001
0.756
-0.021210000000000003
-0.033800000000000004
0.10542000000000001
-0.098
0.0
0.757
-0.021220000000000003
-0.033800000000000004
0.10542000000000001
-0.098
0.001
0.759
-0.021220000000000003
-0.033800000000000004
0.10542000000000001
-0.098
0.0
0.759
-0.021220000000000003
-0.03379
0.10542000000000001
-0.098
0.0
0.761
-0.021220000000000003
-0.03379
0.10542000000000001
-0.098
0.0
0.761
-0.021230000000000002
-0.03379
0.10543000000000001
-0.099
0.0
0.761
-0.021230000000000002
-0.033780000000000004
0.10541
-0.098
0.0
0.763
-0.021230000000000002
-0.03377
0.10542000000000001
-0.097
0.001
0.765
-0.021240000000000002
-0.033760000000000005
0.10541
-0.098
0.001
0.766
-0.021240000000000002
-0.03375
0.10541
-0.097
0.001
0.767
-0.021240000000000002
-0.033740000000000006
0.10542000000000001
-0.097
0.0
0.767
-0.02125
-0.033740000000000006
0.10542000000000001
-0.097
0.0
0.768
-0.02125
-0.03373
0.10542000000000001
-0.097
0.0
0.769
-0.02125
-0.03372
0.10542000000000001
-0.097
0.0
0.77
-0.02126
-0.03372
0.10542000000000001
-0.098
0.0
0.77
-0.02127
-0.03372
0.10542000000000001
-0.097
0.0
0.771
-0.02127
-0.033710000000000004
0.10542000000000001
-0.097
0.0
0.772
-0.02127
-0.033710000000000004
0.10541
-0.097
0.0
0.773
-0.02128
-0.033710000000000004
0.10542000000000001
-0.097
0.0
0.773
-0.02128
-0.033710000000000004
0.10541
-0.097
0.0
0.773
-0.021290000000000003
-0.0337
0.10541
-0.097
0.0
0.774
-0.021290000000000003
-0.033690000000000005
0.10541
-0.096
0.0
0.775
-0.021290000000000003
-0.03368
0.10541
-0.097
0.0
0.775
-0.021290000000000003
-0.033670000000000005
0.10541
-0.097
0.0
0.776
-0.021300000000000003
-0.03366
0.10541
-0.097
0.0
0.776
-0.021310000000000003
-0.03366
0.10541
-0.097
0.0
0.776
-0.021320000000000002
-0.03364
0.10540000000000001
-0.096
0.001
0.778
-0.021320000000000002
-0.03364
0.10541
-0.097
0.0
0.777
-0.021320000000000002
-0.03364
0.10541
-0.098
0.0
0.777
-0.021330000000000002
-0.03363
0.10540000000000001
-0.097
0.001
0.778
-0.02134
-0.03363
0.10541
-0.096
0.001
0.779
-0.02134
-0.033620000000000004
0.10540000000000001
-0.096
0.0
0.78
-0.02134
-0.033620000000000004
0.10542000000000001
-0.097
0.0
0.778
-0.02135
-0.03361
0.10540000000000001
-0.096
0.0
0.779
-0.02135
-0.03361
0.10541
-0.096
0.0
0.779
-0.02126
-0.03357
0.1053
-0.084
-0.001
0.792
-0.02127
-0.03356
0.10529000000000001
-0.083
0.0
0.792
-0.02127
-0.03356
0.10529000000000001
-0.084
0.0
0.792
-0.02128
-0.03355
0.1053
-0.084
-0.001
0.792
-0.02128
-0.03355
0.1053
-0.084
-0.001
0.792
-0.021290000000000003
-0.03354
0.10529000000000001
-0.084
0.0
0.793
-0.021290000000000003
-0.03354
0.1053
-0.084
-0.001
0.793
-0.021300000000000003
-0.03354
0.1053
-0.085
0.0
0.793
-0.021300000000000003
-0.033530000000000004
0.10529000000000001
-0.084
0.0
0.794
-0.021300000000000003
-0.033530000000000004
0.10529000000000001
-0.084
-0.001
0.794
-0.021300000000000003
-0.033530000000000004
0.1053
-0.084
-0.001
0.793
-0.021310000000000003
-0.033530000000000004
0.1053
-0.083
-0.001
0.794
-0.021310000000000003
-0.033530000000000004
0.1053
-0.084
0.0
0.794
-0.021310000000000003
-0.033530000000000004
0.1053
-0.084
0.0
0.794
-0.021320000000000002
-0.033530000000000004
0.10529000000000001
-0.083
0.0
0.795
-0.021320000000000002
-0.033530000000000004
0.1053
-0.084
-0.001
0.794
-0.021320000000000002
-0.03352
0.10529000000000001
-0.084
0.0
0.795
-0.021330000000000002
-0.03352
0.10529000000000001
-0.084
0.0
0.795
-0.021330000000000002
-0.03352
0.1053
-0.084
0.0
0.795
-0.021330000000000002
-0.03352
0.10529000000000001
-0.084
-0.001
0.795
-0.021330000000000002
-0.03352
0.1053
-0.084
0.0
0.795
-0.021330000000000002
-0.033510000000000005
0.1053
-0.084
-0.001
0.795
-0.02134
-0.03352
0.10529000000000001
-0.084
0.0
0.795
-0.02134
-0.03352
0.10529000000000001
-0.084
-0.001
0.795
-0.02134
-0.033530000000000004
0.1053
-0.084
0.0
0.795
-0.021330000000000002
-0.033530000000000004
0.10529000000000001
-0.083
0.0
0.796
-0.021330000000000002
-0.033530000000000004
0.1053
-0.084
-0.001
0.795
-0.021330000000000002
-0.033530000000000004
0.1053
-0.083
-0.001
0.795
-0.021330000000000002
-0.033530000000000004
0.10531000000000001
-0.084
-0.002
0.795
-0.021330000000000002
-0.033530000000000004
0.1053
-0.084
-0.001
0.795
-0.021330000000000002
-0.033530000000000004
0.1053
-0.084
-0.001
0.795
-0.021330000000000002
-0.033530000000000004
0.10530999999999316
-0.084
-0.001
0.795999999999315
-0.02134
-0.033530000000000004
0.10529000000000001
-0.084
0.0
0.796
-0.021330000000000002
-0.033530000000000004
0.1053
-0.084
-0.001
0.796
-0.021330000000000002
-0.033530000000000004
0.1053
-0.084
-0.001
0.796
-0.021330000000000002
-0.033530000000000004
0.10529000000000001
-0.084
-0.001
0.796
-0.021320000000000002
-0.03354
0.10531000000000001
-0.084
-0.002
0.796
-0.021320000000000002
-0.03354
0.10529000000000001
-0.084
0.0
0.797
-0.021320000000000002
-0.03355
0.1053
-0.083
0.0
0.797
-0.021320000000000002
-0.03355
0.10529000000000001
-0.083
0.0
0.797
-0.021320000000000002
-0.03356
0.10530999999999217
-0.084
-0.0019999999992161826
0.7960000000007839
-0.021310000000000003
-0.033560000000007945
0.1053
-0.08300000000079492
-0.0019999999992050804
0.797
-0.021310000000000003
-0.03356
0.10531000000000001
-0.084
-0.002
0.797
-0.021310000000000003
-0.03356
0.1053
-0.084
-0.001
0.798
-0.021310000000000003
-0.03356
0.1053
-0.084
-0.001
0.798
-0.021310000000000003
-0.03356
0.1053
-0.084
-0.001
0.799
-0.021300000000000003
-0.03356
0.1053
-0.083
0.0
0.8
-0.021300000000000003
-0.03357
0.1053
-0.084
-0.002
0.799
-0.021300000000000003
-0.03357
0.1053
-0.084
-0.001
0.8
-0.021300000000000003
-0.03357
0.10531000000000001
-0.084
-0.001
0.801
-0.021290000000000003
-0.033580000000000006
0.10531000000000001
-0.084
-0.001
0.801
-0.021290000000000003
-0.03359
0.1053
-0.084
-0.001
0.802
-0.02128
-0.03359
0.10531000000000001
-0.084
-0.001
0.803
-0.02128
-0.033600000000000005
0.1053
-0.084
-0.001
0.803
-0.02128
-0.03361
0.10531000000000001
-0.084
-0.002
0.803
-0.02127
-0.033600000000000005
0.10531000000000001
-0.084
-0.002
0.805
-0.02127
-0.033600000000000005
0.1053
-0.083
0.0
0.806
-0.02127
-0.033600000000000005
0.10531000000000001
-0.084
-0.002
0.806
-0.02127
-0.033600000000000005
0.10531000000000001
-0.084
-0.001
0.807
-0.02126
-0.033600000000000005
0.10531000000000001
-0.084
-0.001
0.808
-0.02126
-0.033600000000000005
0.10531000000000001
-0.084
-0.001
0.809
-0.02126
-0.033600000000000005
0.10531000000000001
-0.084
-0.001
0.811
-0.02126
-0.033600000000000005
0.1053
-0.084
-0.001
0.812
-0.02125
-0.03361
0.1053
-0.084
-0.002
0.8130000000000001
-0.02125
-0.03361
0.1053
-0.084
-0.001
0.8150000000000001
-0.02125
-0.033620000000000004
0.10531000000000001
-0.084
-0.002
0.8150000000000001
-0.021240000000000002
-0.033620000000000004
0.10531000000000001
-0.084
-0.003
0.8160000000000001
-0.021240000000000002
-0.033620000000000004
0.10531000000000001
-0.084
-0.001
0.8180000000000001
-0.021240000000000002
-0.033620000000000004
0.10531000000000001
-0.084
-0.002
0.8190000000000001
-0.021240000000000002
-0.03361
0.1053
-0.083
-0.001
0.8220000000000001
-0.021230000000000002
-0.03361
0.10531000000000001
-0.083
-0.003
0.8220000000000001
-0.021230000000000002
-0.033600000000000005
0.10531000000000001
-0.084
-0.002
0.8240000000000001
-0.021230000000000002
-0.033600000000000005
0.1053
-0.084
-0.001
0.8260000000000001
-0.021230000000000002
-0.03359
0.10531000000000001
-0.083
-0.002
0.8270000000000001
-0.021230000000000002
-0.03359
0.1053
-0.083
-0.001
0.8290000000000001
-0.021230000000000002
-0.03359
0.10532000000000001
-0.084
-0.002
0.8300000000000001
-0.021230000000000002
-0.03359
0.1053
-0.084
-0.001
0.8320000000000001
-0.021220000000000003
-0.03359
0.10531000000000001
-0.083
-0.003
0.833
-0.021230000000000002
-0.03359
0.10531000000000001
-0.083
-0.001
0.836
-0.021220000000000003
-0.03359
0.10531000000000001
-0.083
-0.002
0.836
-0.021220000000000003
-0.03359
0.10531000000000001
-0.084
-0.004
0.837
-0.021220000000000003
-0.033580000000000006
0.10531000000000001
-0.083
-0.002
0.84
-0.021220000000000003
-0.033580000000000006
0.10531000000000001
-0.083
-0.003
0.841
-0.021220000000000003
-0.03357
0.10531000000000001
-0.083
-0.003
0.843
-0.021210000000000003
-0.03357
0.10531000000000001
-0.084
-0.003
0.843
-0.021210000000000003
-0.03356
0.10531000000000001
-0.084
-0.003
0.845
-0.021210000000000003
-0.03355
0.10531000000000001
-0.083
-0.003
0.847
-0.021210000000000003
-0.03354
0.10531000000000001
-0.083
-0.003
0.849
-0.021210000000000003
-0.033530000000000004
0.10531000000000001
-0.084
-0.002
0.851
-0.021210000000000003
-0.033530000000000004
0.10531000000000001
-0.084
-0.004
0.851
-0.021210000000000003
-0.03352
0.10531000000000001
-0.083
-0.004
0.854
-0.021210000000000003
-0.03352
0.10531000000000001
-0.084
-0.003
0.855
-0.0212
-0.03352
0.10531000000000001
-0.083
-0.003
0.857
-0.0212
-0.033510000000000005
0.10531000000000001
-0.083
-0.003
0.859
-0.0212
-0.0335
0.10531000000000001
-0.083
-0.003
0.86
-0.0212
-0.0335
0.1053
-0.082
-0.003
0.861
-0.0212
-0.03348
0.10531000000000001
-0.083
-0.004
0.863
-0.0212
-0.03348
0.1053
-0.083
-0.003
0.864
-0.02119
-0.03347
0.10531000000000001
-0.083
-0.004
0.864
-0.02119
-0.03345
0.1053
-0.082
-0.003
0.867
-0.02119
-0.033440000000000004
0.1053
-0.083
-0.004
0.868
-0.02119
-0.03343
0.1053
-0.083
-0.003
0.868
-0.02118
-0.033420000000000005
0.1053
-0.083
-0.003
0.87
-0.02118
-0.03341
0.10531000000000001
-0.083
-0.004
0.87
-0.02118
-0.033400000000000006
0.1053
-0.082
-0.003
0.872
-0.02118
-0.033400000000000006
0.1053
-0.082
-0.004
0.871
-0.02117
-0.03339
0.1053
-0.082
-0.004
0.872
-0.02117
-0.03338
0.1053
-0.082
-0.005
0.872
-0.02117
-0.03338
0.1053
-0.082
-0.004
0.873
-0.02117
-0.03336999999998457
0.1053
-0.082
-0.004
0.8730000000015432
-0.02117
-0.03335999999998446
0.1053
-0.08299999999844569
-0.004
0.8730000000015543
-0.02117
-0.03334
0.10529000000000001
-0.082
-0.003
0.874
-0.02116
-0.033330000000000005
0.1053
-0.082
-0.004
0.874
-0.02116
-0.03332
0.10529000000000001
-0.082
-0.003
0.874
-0.02116
-0.03331
0.10529000000000001
-0.082
-0.003
0.874
-0.02116
-0.03331
0.1053
-0.083
-0.004
0.873
-0.021150000000000002
-0.0333
0.10529000000000001
-0.082
-0.003
0.874
-0.021150000000000002
-0.03329
0.10529000000000001
-0.082
-0.003
0.873
-0.021150000000000002
-0.03329
0.10529000000000001
-0.082
-0.004
0.872
-0.021150000000000002
-0.033280000000000004
0.10528000000000001
-0.082
-0.003
0.872
-0.021150000000000002
-0.03329
0.1053
-0.082
-0.004
0.871
-0.021150000000000002
-0.033280000000000004
0.10529000000000001
-0.082
-0.004
0.87
-0.021140000000000003
-0.03327
0.1053
-0.082
-0.004
0.869
-0.021140000000000003
-0.03327
0.10529000000000001
-0.082
-0.004
0.868
-0.021140000000000003
-0.033260000000000005
0.10529000000000001
-0.082
-0.004
0.867
-0.021140000000000003
-0.033260000000000005
0.10529000000000001
-0.082
-0.004
0.865
-0.021140000000000003
-0.03325
0.1053
-0.083
-0.004
0.863
-0.021140000000000003
-0.03325
0.10528000000001743
-0.082
-0.0030000000017408298
0.862
-0.021140000000000003
-0.033240000000000006
0.10529000000000001
-0.082
-0.003
0.861
-0.021130000000000003
-0.033240000000000006
0.10529000000000001
-0.083
-0.003
0.859
-0.021130000000000003
-0.033240000000000006
0.10529000000000001
-0.082
-0.003
0.857
-0.021130000000000003
-0.033240000000000006
0.10528000000000001
-0.083
-0.002
0.855
-0.021130000000000003
-0.03325
0.10529000000000001
-0.082
-0.003
0.854
-0.021130000000000003
-0.03325
0.10528000000000001
-0.083
-0.004
0.851
-0.021130000000000003
-0.033260000000000005
0.10529000000000001
-0.082
-0.003
0.849
-0.021130000000000003
-0.03325
0.10528000000000001
-0.083
-0.002
0.847
-0.021120000000000003
-0.033260000000000005
0.10528000000000001
-0.082
-0.003
0.845
-0.021120000000000003
-0.033260000000000005
0.10528000000000001
-0.082
-0.003
0.843
-0.021120000000000003
-0.033260000000000005
0.10528000000000001
-0.082
-0.002
0.841
-0.021120000000000003
-0.033260000000000005
0.10528000000000001
-0.083
-0.003
0.838
-0.021120000000000003
-0.033260000000000005
0.10529000000000001
-0.082
-0.002
0.836
-0.021120000000000003
-0.03327
0.10528000000000001
-0.082
-0.001
0.834
-0.021120000000000003
-0.033280000000000004
0.10528000000000001
-0.083
-0.001
0.8310000000000001
-0.021120000000000003
-0.033280000000000004
0.10527
-0.083
-0.001
0.8290000000000001
-0.021120000000000003
-0.0333
0.10528000000000001
-0.084
-0.002
0.8250000000000001
-0.02111
-0.0333
0.10528000000000001
-0.083
-0.002
0.8230000000000001
-0.02111
-0.03331
0.10529000000000001
-0.083
-0.002
0.8200000000000001
-0.02111
-0.03332
0.10528000000000001
-0.083
-0.002
0.8170000000000001
-0.02111
-0.033330000000000005
0.10529000000000001
-0.083
-0.003
0.8140000000000001
-0.02111
-0.03334
0.10528000000000001
-0.083
-0.001
0.812
-0.02111
-0.03336
0.10528000000000001
-0.083
-0.001
0.809
-0.02111
-0.033370000000000004
0.10529000000000001
-0.083
-0.002
0.806
-0.02111
-0.033370000000000004
0.10528000000000001
-0.083
-0.001
0.803
-0.02111
-0.03338
0.10529000000000001
-0.083
-0.001
0.801
-0.02111
-0.03339
0.10528000000000001
-0.083
-0.001
0.798
-0.02111
-0.033400000000000006
0.10529000000000001
-0.084
-0.001
0.795
-0.02111
-0.033420000000000005
0.10529000000000001
-0.084
-0.001
0.792
-0.02111
-0.033420000000000005
0.10528000000000001
-0.083
0.0
0.791
-0.02111
-0.033440000000000004
0.10528000000000001
-0.084
-0.001
0.787
-0.02111
-0.03345
0.10529000000000001
-0.084
-0.001
0.785
-0.02111
-0.03347
0.10529000000000001
-0.084
-0.001
0.781
-0.02111
-0.033490000000000006
0.1053
-0.084
-0.001
0.779
-0.02111
-0.0335
0.10529000000000001
-0.084
-0.001
0.777
-0.02111
-0.03352
0.1053
-0.084
-0.001
0.774
-0.02111
-0.033530000000000004
0.10528000000000001
-0.084
0.0
0.772
-0.021210000000000003
-0.033580000000000006
0.10540000000000001
-0.097
0.002
0.757
-0.0212
-0.03359
0.10539000000000001
-0.097
0.001
0.755
-0.021210000000000003
-0.03361
0.10541
-0.096
0.0
0.752
-0.0212
-0.033620000000000004
0.10541
-0.099
0.002
0.749
-0.021220000000000003
-0.03365
0.10542000000000001
-0.096
0.0
0.746
-0.021210000000000003
-0.03366
0.10541
-0.101
0.004
0.743
-0.021240000000000002
-0.0337
0.10544
-0.1
-0.003
0.737
-0.021230000000000002
-0.03372
0.10544
-0.108
0.004
0.73
-0.021320000000000002
-0.03381
0.10550000000000001
-0.11
-0.01
0.713
-0.021380000000000003
-0.033850000000000005
0.10554000000000001
-0.126
0.0
0.707
-0.021580000000000002
-0.03402
0.10575000000000001
-0.14
-0.034
0.687
-0.02185
-0.034120000000000004
0.10616
-0.177
-0.051000000000000004
0.6910000000000001
-0.02237
-0.03424
0.10671000000000001
-0.212
-0.10200000000000001
0.6940000000000001
-0.02288
-0.034190000000000005
0.10711000000000001
-0.248
-0.115
0.707
-0.02372
-0.03391
0.10775000000000001
-0.302
-0.136
0.734
-0.02476
-0.0335
0.10842
-0.291
-0.14100000000000001
0.783
-0.026250000000000002
-0.03277
0.10915000000000001
-0.293
-0.084
0.877
-0.028
-0.0322
0.11032000000000002
-0.339
-0.10300000000000001
0.8230000000000001
-0.029650000000000003
-0.031170000000000003
0.11117
-0.381
-0.045
0.935
-0.03239999999815535
-0.02930000000141567
0.11183999999931363
-0.3359999999742606
-0.03300000007721823
0.8979999999399414
-0.03418
-0.028040000000000002
0.11253
-0.3
-0.007
0.922
-0.036980000000000006
-0.02603
0.11367000000000001
-0.213
0.053
0.977
-0.03946
-0.02415
0.11440000000000002
-0.10300000000000001
0.136
1.04
-0.04181000000000001
-0.022510000000000002
0.11554
-0.077
0.153
1.02
-0.04410999999738005
-0.021030000001176302
0.11668999999866331
-0.008000000096243014
0.18799999995722533
1.0319999999946532
-0.04574
-0.019880000000000002
0.11737000000000002
0.01
0.221
1.043
-0.048010000000000004
-0.018500000000000003
0.11825000000000001
0.034
0.245
1.091
-0.049300000000000004
-0.0177
0.11887
0.022
0.263
1.11
-0.050760000000000007
-0.016880000000000003
0.11967000000000001
0.0
0.275
1.153
-0.051930000000000004
-0.01635
0.12052000000000002
-0.021
0.273
1.171
-0.05301
-0.015870000000000002
0.12153000000000001
-0.052000000000000005
0.252
1.208
-0.05347999999918093
-0.015400000000887336
0.12228999999877138
-0.10799999990444088
0.24500000002047695
1.2599999998771383
-0.053840000000000006
-0.015210000000000001
0.12303000000000001
-0.115
0.219
1.283
-0.05405000000000001
-0.015030000000000002
0.12406
-0.11800000000000001
0.194
1.294
-0.054180000000000006
-0.014790000000000001
0.12512
-0.113
0.177
1.329
-0.054150000000000004
-0.014610000000000001
0.12625
-0.095
0.18
1.342
-0.053950000000000005
-0.014520000000000002
0.12744
-0.074
0.17300000000000001
1.358
-0.053700000000000005
-0.01446
0.12857000000000002
-0.042
0.20700000000000002
1.369
-0.053230000000000006
-0.014480000000000002
0.12969
-0.02
0.222
1.395
-0.05258
-0.014740000000000001
0.13083
-0.004
0.247
1.3940000000000001
-0.051640000000000005
-0.015070000000000002
0.13187000000000001
0.002
0.252
1.418
-0.05049000000000001
-0.015580000000000002
0.13281
-0.003
0.254
1.424
-0.049280000000000004
-0.01634
0.13377
-0.028
0.231
1.432
-0.04777000000000001
-0.01711
0.13464
-0.058
0.203
1.44
-0.04608
-0.017990000000000003
0.13544
-0.096
0.157
1.464
-0.044270000000000004
-0.01888
0.13619
-0.138
0.117
1.479
-0.04245
-0.019770000000000003
0.13694
-0.176
0.07100000000000001
1.5130000000000001
-0.04055
-0.02057
0.13767000000000001
-0.215
0.035
1.5230000000000001
-0.03869
-0.02126
0.13837000000000002
-0.23500000000000001
-0.001
1.545
-0.036930000000000004
-0.021820000000000003
0.13903000000000001
-0.258
-0.007
1.555
-0.035320000000000004
-0.02228
0.13970000000000002
-0.248
-0.026000000000000002
1.57
-0.03359
-0.02253
0.14019
-0.253
-0.02
1.569
-0.03205
-0.022670000000000003
0.14067000000000002
-0.231
-0.021
1.575
-0.030430000000000002
-0.02263
0.14102
-0.219
-0.013000000000000001
1.57
-0.02893
-0.02256
0.1413
-0.191
-0.013000000000000001
1.576
-0.02747
-0.02237
0.14146
-0.171
-0.01
1.573
-0.02604
-0.022230000000000003
0.14158
-0.14100000000000001
-0.028
1.571
-0.02466
-0.02202
0.14159000000000002
-0.124
-0.043000000000000003
1.563
-0.023190000000000002
-0.02185
0.14152
-0.106
-0.07200000000000001
1.564
-0.022000000000000002
-0.0217
0.14138
-0.097
-0.095
1.555
-0.020890000000000002
-0.0217
0.14121
-0.08
-0.126
1.554
-0.020050000000000002
-0.021670000000000002
0.14091
-0.091
-0.147
1.545
-0.019280000000000002
-0.021800000000000003
0.14062000000000002
-0.093
-0.165
1.555
-0.01878
-0.02193
0.14016
-0.116
-0.163
1.55
-0.01844
-0.02212
0.13968
-0.12
-0.165
1.554
-0.018340000000000002
-0.022260000000000002
0.13909000000000002
-0.14
-0.14400000000000002
1.543
-0.018420000000000002
-0.022500000000000003
0.13853000000000001
-0.14300000000000002
-0.122
1.544
-0.01861
-0.02263
0.13790000000000002
-0.166
-0.08600000000000001
1.538
-0.01905
-0.022850000000000002
0.13729000000000002
-0.162
-0.059000000000000004
1.532
-0.019370000000000002
-0.02289
0.13665000000000002
-0.179
-0.039
1.5350000000000001
-0.019880000000000002
-0.023020000000000002
0.13607000000000002
-0.166
-0.029
1.538
-0.02025
-0.023000000000000003
0.13542
-0.17300000000000001
-0.024
1.538
-0.020880000000000003
-0.023010000000000003
0.13486
-0.15
-0.031
1.547
-0.02137
-0.022920000000000003
0.1342
-0.157
-0.034
1.545
-0.02194
-0.0229
0.1337
-0.127
-0.043000000000000003
1.546
-0.022580000000000003
-0.022830000000000003
0.13307000000000002
-0.135
-0.028
1.54
-0.023330000000000004
-0.02281
0.13260000000000002
-0.115
-0.027
1.542
-0.024100000000000003
-0.02271
0.13203
-0.126
-0.004
1.54
-0.024900000000000002
-0.022770000000000002
0.13156
-0.112
0.013000000000000001
1.54
-0.025650000000000003
-0.02272
0.13097
-0.13
0.044
1.537
-0.02644
-0.022830000000000003
0.13056
-0.12
0.06
1.539
-0.027160000000000004
-0.0228
0.13007000000000002
-0.137
0.074
1.539
-0.02783
-0.022940000000000002
0.12971000000000002
-0.126
0.079
1.54
-0.02842
-0.022910000000000003
0.12928
-0.14400000000000002
0.079
1.543
-0.028960000000000003
-0.02306
0.129
-0.131
0.07200000000000001
1.544
-0.02943
-0.023030000000000002
0.12864
-0.148
0.067
1.547
-0.02986
-0.023170000000000003
0.12843000000000002
-0.135
0.059000000000000004
1.546
-0.030260000000000002
-0.02314
0.12815000000000001
-0.152
0.06
1.549
-0.030619999998868906
-0.023259999998491876
0.12800999999962298
-0.13700000024507064
0.06
1.5460000001319611
-0.03088
-0.023280000000000002
0.12786
-0.14100000000000001
0.067
1.54
-0.031240000000000004
-0.02332
0.12776
-0.137
0.074
1.549
-0.03148
-0.023250000000000003
0.12762
-0.153
0.085
1.554
-0.031720000000000005
-0.02332
0.12765
-0.138
0.091
1.557
-0.03173
-0.023340000000000003
0.12760000000000002
-0.139
0.094
1.544
-0.03184
-0.023340000000000003
0.12766000000000002
-0.135
0.095
1.554
-0.03173
-0.023350000000000003
0.12767
-0.134
0.093
1.54
-0.031720000000000005
-0.02329
0.12774000000000002
-0.14200000000000002
0.08600000000000001
1.559
-0.0315
-0.023360000000000002
0.12787
-0.133
0.075
1.544
-0.03134
-0.023370000000000002
0.12798
-0.135
0.07
1.557
-0.031020000000000002
-0.02347
0.12816000000000002
-0.129
0.056
1.545
-0.030730000000000004
-0.02357
0.12842
-0.125
0.044
1.55
-0.030500000000000003
-0.023590000000000003
0.12857000000000002
-0.134
0.043000000000000003
1.549
-0.030180000000000002
-0.023710000000000002
0.12887
-0.132
0.042
1.553
-0.02995
-0.02374
0.12906
-0.14100000000000001
0.048
1.551
-0.02969
-0.023780000000000003
0.12932000000000002
-0.148
0.051000000000000004
1.563
-0.02934
-0.023880000000000002
0.12962
-0.146
0.06
1.55
-0.029030000000000004
-0.02391
0.12992
-0.149
0.06
1.561
-0.028630000000000003
-0.02399
0.13025
-0.146
0.063
1.55
-0.02825
-0.024010000000000004
0.13056
-0.146
0.056
1.561
-0.027790000000000002
-0.02407
0.13090000000000002
-0.14200000000000002
0.054
1.549
-0.027350000000000003
-0.02409
0.13122
-0.14
0.045
1.559
-0.026860000000000002
-0.02415
0.13156
-0.137
0.041
1.545
-0.026410000000000003
-0.024180000000000004
0.13189
-0.135
0.034
1.553
-0.025910000000000002
-0.02425
0.13222
-0.134
0.033
1.54
-0.025460000000000003
-0.02432
0.13253
-0.133
0.027
1.549
-0.025
-0.02442
0.13288
-0.13
0.024
1.538
-0.024560000000000002
-0.02449
0.13314
-0.133
0.022
1.551
-0.02417
-0.024630000000000003
0.13356
-0.136
0.009000000000000001
1.538
-0.023700000000000002
-0.024710000000000003
0.13371000000000002
-0.135
0.009000000000000001
1.554
-0.023350000000000003
-0.024860000000000004
0.13410000000000002
-0.14
-0.002
1.542
-0.022940000000000002
-0.02494
0.13423000000000002
-0.14
0.001
1.557
-0.022580000000000003
-0.025060000000000002
0.13446000000000002
-0.146
0.003
1.548
-0.0223
-0.02518
0.13469
-0.147
0.003
1.557
-0.022000000000000002
-0.02528
0.13488
-0.155
0.009000000000000001
1.547
-0.02176
-0.025390000000000003
0.13508
-0.155
0.008
1.551
-0.021500000000000002
-0.025470000000000003
0.13523000000000002
-0.163
0.011
1.539
-0.021300000000000003
-0.025550000000000003
0.13541
-0.159
0.006
1.544
-0.0211
-0.025580000000000002
0.13553
-0.164
0.008
1.536
-0.020950000000000003
-0.025640000000000003
0.13566
-0.156
0.003
1.544
-0.02082
-0.025640000000000003
0.13575
-0.16
0.006
1.539
-0.02074
-0.02568
0.13584000000000002
-0.151
0.004
1.55
-0.02066
-0.025650000000000003
0.13588
-0.157
0.009000000000000001
1.545
-0.020620000000000003
-0.02568
0.13594
-0.149
0.008
1.551
-0.02058
-0.025650000000000003
0.13593000000000002
-0.156
0.014
1.543
-0.02058
-0.025670000000000002
0.13595000000000002
-0.148
0.016
1.544
-0.02057
-0.025630000000000003
0.13590000000000002
-0.158
0.024
1.536
-0.02059
-0.025650000000000003
0.13589
-0.148
0.022
1.538
-0.020610000000000003
-0.02559
0.13581000000000001
-0.159
0.026000000000000002
1.536
-0.020630000000000003
-0.02559
0.13577
-0.147
0.02
1.539
-0.02066
-0.02553
0.13567
-0.157
0.021
1.536
-0.020720000000000002
-0.025550000000000003
0.13561
-0.147
0.013000000000000001
1.538
-0.02075
-0.02545
0.13548000000000002
-0.156
0.015
1.538
-0.020960000000000003
-0.02542
0.13533
-0.137
0.024
1.543
-0.02092
-0.025370000000000004
0.13525
-0.156
0.018000000000000002
1.538
-0.021019999999693312
-0.025369999998159875
0.1351599999993866
-0.14100000049070083
0.014000000184012805
1.5360000001840128
-0.02116
-0.025290000000000003
0.135
-0.154
0.026000000000000002
1.537
-0.02127
-0.025290000000000003
0.13490000000000002
-0.138
0.022
1.534
-0.02142
-0.025200000000000004
0.13472
-0.15
0.033
1.538
-0.02153
-0.025210000000000003
0.13462000000000002
-0.132
0.027
1.537
-0.021660000000000002
-0.025120000000000003
0.13443000000000002
-0.14300000000000002
0.032
1.539
-0.02176
-0.025160000000000002
0.13432000000000002
-0.126
0.023
1.538
-0.02188
-0.02509
0.13412000000000002
-0.14
0.024
1.537
-0.022000000000000002
-0.02517
0.13401000000000002
-0.126
0.019
1.5350000000000001
-0.02213
-0.025120000000000003
0.13381
-0.14200000000000002
0.021
1.532
-0.02238
-0.025230000000000002
0.13375
-0.129
0.019
1.538
-0.022500000000000003
-0.025200000000000004
0.13356
-0.148
0.018000000000000002
1.534
-0.02272
-0.02534
0.13344
-0.14
0.027
1.539
-0.022850000000000002
-0.025310000000000003
0.13326000000000002
-0.159
0.03
1.537
-0.02296
-0.02544
0.13311
-0.152
0.044
1.5330000000000001
-0.023110000000000002
-0.025390000000000003
0.13292
-0.17
0.054
1.5350000000000001
-0.023229999999659516
-0.025469999997276137
0.13284999999897856
-0.1530000005107248
0.05500000003404832
1.5320000002383383
-0.023330000000000004
-0.025370000000000004
0.13268000000000002
-0.166
0.056
1.536
-0.02338
-0.02536
0.13259
-0.159
0.047
1.538
-0.023409999999306423
-0.025300000003121107
0.13248000000104038
-0.1539999996185318
0.03500000010403678
1.5329999996878898
-0.02356
-0.025380000000000003
0.13254000000000002
-0.135
0.015
1.528
-0.02348
-0.02534
0.13236
-0.128
0.015
1.5170000000000001
-0.02357
-0.02534
0.13229000000000002
-0.121
0.014
1.52
-0.02363
-0.02534
0.1322
-0.125
0.022
1.514
-0.02375
-0.025290000000000003
0.13210000000000002
-0.136
0.031
1.5290000000000001
-0.023840000000000004
-0.025320000000000002
0.13198000000000001
-0.15
0.052000000000000005
1.532
-0.024010000000000004
-0.025400000000000002
0.13198000000000001
-0.16
0.061
1.536
-0.023940000000000003
-0.025480000000000003
0.13189
-0.146
0.063
1.5250000000000001
-0.023960000000000002
-0.025470000000000003
0.13184
-0.154
0.059000000000000004
1.537
-0.02389
-0.025550000000000003
0.13182000000000002
-0.146
0.054
1.522
-0.023870000000000002
-0.025540000000000004
0.13183
-0.145
0.037
1.528
-0.023780000000000003
-0.0256
0.13183
-0.138
0.032
1.5130000000000001
-0.023710000000000002
-0.025560000000000003
0.13178
-0.147
0.028
1.524
-0.02364
-0.02561
0.1318
-0.14300000000000002
0.031
1.516
-0.023610000000000003
-0.02561
0.13181
-0.15
0.027
1.5270000000000001
-0.02355
-0.02561
0.13183
-0.158
0.031
1.5270000000000001
-0.023520000000000003
-0.025720000000000003
0.13191
-0.14100000000000001
0.033
1.52
-0.02348
-0.02569
0.13193000000000002
-0.148
0.039
1.5210000000000001
-0.02347
-0.025670000000000002
0.13198000000000001
-0.148
0.038
1.532
-0.02339
-0.02569
0.13206
-0.145
0.042
1.52
-0.023350000000000003
-0.025670000000000002
0.13213
-0.14400000000000002
0.037
1.53
-0.02332
-0.025720000000000003
0.13235000000000002
-0.14200000000000002
0.028
1.514
-0.02321
-0.025670000000000002
0.1323
-0.14100000000000001
0.033
1.53
-0.023110000000000002
-0.0257
0.13240000000000002
-0.139
0.033
1.5210000000000001
-0.023110000000000002
-0.025710000000000004
0.13255
-0.132
0.021
1.5330000000000001
-0.02298
-0.025750000000000002
0.13259
-0.138
0.034
1.5230000000000001
-0.022940000000000002
-0.02577
0.13268000000000002
-0.139
0.033
1.5330000000000001
-0.022850000000000002
-0.025830000000000002
0.13277
-0.14400000000000002
0.04
1.524
-0.0228
-0.025880000000000004
0.13286
-0.145
0.039
1.534
-0.0227
-0.02593
0.13295
-0.149
0.039
1.528
-0.02263
-0.025980000000000003
0.13304000000000002
-0.148
0.031
1.54
-0.022520000000000002
-0.02602
0.13312000000000002
-0.151
0.028
1.534
-0.02246
-0.026060000000000003
0.13321000000000002
-0.147
0.019
1.546
-0.02236
-0.026090000000000002
0.13329000000000002
-0.152
0.019
1.537
-0.022330000000000003
-0.02613
0.13337000000000002
-0.148
0.018000000000000002
1.545
-0.02227
-0.026140000000000004
0.13344
-0.153
0.026000000000000002
1.536
-0.022260000000000002
-0.026170000000000002
0.13352
-0.148
0.029
1.544
-0.02222
-0.026180000000000002
0.13356
-0.153
0.037
1.536
-0.0222
-0.02621
0.13364
-0.147
0.037
1.545
-0.022160000000000003
-0.0262
0.13368000000000002
-0.152
0.04
1.538
-0.02212
-0.026240000000000003
0.13374
-0.14300000000000002
0.035
1.546
-0.02205
-0.026230000000000003
0.13376000000000002
-0.149
0.034
1.539
-0.022010000000000002
-0.02627
0.13382000000000002
-0.14100000000000001
0.026000000000000002
1.546
-0.02194
-0.026260000000000002
0.13384000000000001
-0.15
0.023
1.542
-0.021920000000000002
-0.026320000000000003
0.13388
-0.14200000000000002
0.016
1.549
-0.02188
-0.0263
0.13388
-0.153
0.017
1.544
-0.021890000000000003
-0.02636
0.13392
-0.146
0.014
1.551
-0.021900000000000003
-0.026330000000000003
0.13390000000000002
-0.158
0.022
1.547
-0.02193
-0.02638
0.13394
-0.15
0.022
1.552
-0.02196
-0.026330000000000003
0.13392
-0.163
0.032
1.55
-0.022000000000000002
-0.026350000000000002
0.13395
-0.152
0.031
1.551
-0.022070000000000003
-0.026240000000000003
0.13392
-0.166
0.038
1.557
-0.022180000000000002
-0.026220000000000004
0.13387000000000002
-0.14200000000000002
0.05
1.556
-0.022060000000000003
-0.026170000000000002
0.13390000000000002
-0.159
0.04
1.55
-0.02205
-0.026140000000000004
0.13391
-0.14200000000000002
0.03
1.546
-0.02204
-0.02602
0.13386
-0.153
0.032
1.545
-0.02202
-0.026000000000000002
0.13387000000000002
-0.137
0.018000000000000002
1.542
-0.02203
-0.025890000000000003
0.13382000000000002
-0.149
0.02
1.545
-0.02203
-0.02587
0.13383
-0.133
0.009000000000000001
1.544
-0.022080000000000002
-0.02576
0.13377
-0.146
0.014
1.546
-0.022140000000000003
-0.02577
0.13378
-0.132
0.012
1.548
-0.022230000000000003
-0.025670000000000002
0.13371000000000002
-0.146
0.022
1.548
-0.022330000000000003
-0.0257
0.13372
-0.134
0.027
1.552
-0.022430000000000002
-0.0256
0.13365000000000002
-0.149
0.036000000000000004
1.552
-0.02254
-0.025640000000000003
0.13366
-0.137
0.042
1.555
-0.02261
-0.025540000000000004
0.13357000000000002
-0.152
0.048
1.553
-0.022680000000000002
-0.025580000000000002
0.13359000000000001
-0.138
0.05
1.554
-0.02271
-0.025460000000000003
0.1335
-0.152
0.05
1.552
-0.02273
-0.02543
0.13346000000000002
-0.151
0.047
1.556
-0.02273
-0.025380000000000003
0.13342
-0.153
0.044
1.554
-0.02272
-0.02542
0.13343000000000002
-0.137
0.039
1.553
-0.0227
-0.025290000000000003
0.13334000000000001
-0.153
0.036000000000000004
1.554
-0.022680000000000002
-0.02525
0.1333
-0.15
0.032
1.558
-0.022650000000000003
-0.02519
0.13325
-0.152
0.033
1.554
-0.02263
-0.025220000000000003
0.13325
-0.136
0.032
1.552
-0.022590000000000002
-0.02517
0.13319
-0.139
0.037
1.544
-0.022580000000000003
-0.025050000000000003
0.13313
-0.147
0.036000000000000004
1.556
-0.02254
-0.024970000000000003
0.13308
-0.148
0.041
1.553
-0.022510000000000002
-0.024950000000000003
0.13306
-0.14200000000000002
0.04
1.556
-0.02244
-0.024960000000000003
0.13304000000000002
-0.132
0.041
1.545
-0.022400000000000003
-0.024870000000000003
0.13299
-0.138
0.036000000000000004
1.558
-0.022340000000000002
-0.024900000000000002
0.13296000000000002
-0.132
0.042
1.549
-0.02222
-0.024890000000000002
0.13295
-0.126
0.033
1.548
-0.022140000000000003
-0.024790000001865178
0.13285000000079938
-0.14599999968025576
0.03500000005329071
1.5519999997601919
-0.022080000000000002
-0.024810000000000002
0.13282000000000002
-0.14300000000000002
0.034
1.553
-0.021980000000000003
-0.024780000001832225
0.13277000000078523
-0.1519999997120792
0.038
1.5489999997644284
-0.021910000000000002
-0.024800000000000003
0.13275
-0.148
0.037
1.552
-0.021800000000000003
-0.024730000000000002
0.13268000000000002
-0.16
0.039
1.554
-0.021730000000000003
-0.02475
0.13267
-0.154
0.035
1.558
-0.02159
-0.024780000000000003
0.13266
-0.146
0.034
1.545
-0.021500000000000002
-0.024720000000000002
0.13263
-0.146
0.027
1.555
-0.02136
-0.024700000000000003
0.13262000000000002
-0.139
0.027
1.542
-0.02125000000073648
-0.02468999999877254
0.13262999999926353
-0.12800000024549252
0.022999999950901497
1.5420000002454926
-0.02116
-0.024630000000000003
0.13260000000000002
-0.133
0.024
1.541
-0.0211
-0.02458
0.13258
-0.133
0.02
1.552
-0.02101
-0.02459
0.13257000000000002
-0.132
0.023
1.542
-0.020970000000000003
-0.02457
0.13256
-0.133
0.019
1.554
-0.02091
-0.0246
0.13255
-0.133
0.025
1.543
-0.020880000000000003
-0.024610000000000003
0.13254000000000002
-0.134
0.02
1.553
-0.02083
-0.024640000000000002
0.13254000000000002
-0.135
0.023
1.542
-0.02083
-0.02466
0.13252
-0.137
0.021
1.551
-0.020790000000000003
-0.024710000000000003
0.13252
-0.14
0.026000000000000002
1.54
-0.020810000000000002
-0.02474
0.13251000000000002
-0.14
0.022
1.551
-0.020790000000000003
-0.02477
0.13251000000000002
-0.14200000000000002
0.022
1.541
-0.02083
-0.024800000000000003
0.13252
-0.14
0.016
1.551
-0.02083
-0.02483
0.13252
-0.14200000000000002
0.015
1.543
-0.020900000000000002
-0.024860000000000004
0.13253
-0.138
0.01
1.555
-0.020950000000000003
-0.024880000000000003
0.13252
-0.14400000000000002
0.012
1.548
-0.021070000000000002
-0.02491
0.13253
-0.14200000000000002
0.012
1.559
-0.02116
-0.02493
0.13252
-0.149
0.022
1.552
-0.021310000000000003
-0.024970000000000003
0.13254000000000002
-0.146
0.028
1.56
-0.02142
-0.024960000000000003
0.13253
-0.152
0.041
1.551
-0.02153
-0.024980000000000002
0.13254000000000002
-0.146
0.043000000000000003
1.557
-0.0216
-0.024950000000000003
0.13253
-0.15
0.05
1.547
-0.02169
-0.024960000000000003
0.13256
-0.14100000000000001
0.047
1.553
-0.021720000000000003
-0.02492
0.13255
-0.145
0.047
1.547
-0.02176
-0.02493
0.13257000000000002
-0.135
0.039
1.557
-0.02176
-0.024890000000000002
0.13256
-0.14
0.035
1.554
-0.02179
-0.02492
0.13258
-0.131
0.027
1.564
-0.02179
-0.024890000000000002
0.13255
-0.14
0.03
1.56
-0.021820000000000003
-0.02494
0.13257000000000002
-0.132
0.03
1.566
-0.021830000000000002
-0.02492
0.13253
-0.146
0.041
1.559
-0.021840000000000002
-0.024970000000000003
0.13255
-0.139
0.046
1.561
-0.021840000000000002
-0.02493
0.1325
-0.156
0.059000000000000004
1.562
-0.02178
-0.025
0.13254000000000002
-0.14100000000000001
0.056
1.558
-0.02171
-0.024950000000000003
0.1325
-0.156
0.061
1.562
-0.0216
-0.025030000000000004
0.13254000000000002
-0.138
0.048
1.558
-0.02144
-0.024970000000000003
0.13252
-0.147
0.041
1.562
-0.02142
-0.024980000000000002
0.13249000000000002
-0.125
0.038
1.568
-0.021120000000000003
-0.024980000000000002
0.13253
-0.14300000000000002
0.016
1.562
-0.021130000000000003
-0.025
0.1325
-0.123
0.018000000000000002
1.568
-0.020890000000000002
-0.02502
0.13255
-0.14400000000000002
0.004
1.563
-0.02082
-0.0251
0.13259
-0.132
0.0
1.563
-0.020790000000000003
-0.02508
0.13256
-0.148
0.012
1.567
-0.020780000000000003
-0.02518
0.13262000000000002
-0.136
0.016
1.57
-0.020790000000000003
-0.025150000000000002
0.13259
-0.15
0.028
1.571
-0.02085
-0.025220000000000003
0.13264
-0.134
0.043000000000000003
1.58
-0.020780000000000003
-0.025210000000000003
0.13263
-0.149
0.039
1.571
-0.02084
-0.02526
0.13266
-0.137
0.048
1.583
-0.020720000000000002
-0.02527
0.13265000000000002
-0.149
0.035
1.571
-0.02076
-0.025330000000000002
0.13267
-0.138
0.039
1.584
-0.020630000000000003
-0.025330000000000002
0.13266
-0.151
0.022
1.572
-0.0206
-0.02544
0.1327
-0.139
0.016
1.573
-0.02057
-0.025380000000000003
0.13266
-0.156
0.012
1.571
-0.02058
-0.025490000000000002
0.13271000000000002
-0.14200000000000002
0.011
1.57
-0.02057
-0.025490000000000002
0.13268000000000002
-0.146
0.014
1.559
-0.020630000000000003
-0.02551
0.13271000000000002
-0.14400000000000002
0.02
1.567
-0.020720000000000002
-0.02552
0.13269
-0.149
0.034
1.56
-0.020730000000000002
-0.02542
0.13268000000000002
-0.156
0.031
1.573
-0.020790000000000003
-0.025380000000000003
0.13268000000000002
-0.156
0.037
1.571
-0.02082
-0.025370000000000004
0.13268000000000002
-0.151
0.034
1.575
-0.02086
-0.025320000000000002
0.13269
-0.152
0.034
1.572
-0.020880000000000003
-0.025310000000000003
0.13269
-0.146
0.031
1.574
-0.02092
-0.02534
0.1327
-0.138
0.037
1.563
-0.020900000000100987
-0.0253299999992931
0.13272999999949509
-0.13100000012118307
0.02999999998990141
1.5620000000706902
-0.02091
-0.025300000000000003
0.1327
-0.136
0.035
1.554
-0.02093
-0.025300000000000003
0.13273000000000001
-0.13
0.036000000000000004
1.554
-0.02092
-0.02527
0.1327
-0.136
0.04
1.548
-0.02094
-0.025220000000000003
0.13268000000000002
-0.14200000000000002
0.038
1.56
-0.020919999999910652
-0.025210000000625458
0.13267000000017873
-0.14699999990171417
0.03700000001787015
1.5559999999106493
-0.02091
-0.02525
0.13268000000000002
-0.14100000000000001
0.033
1.557
-0.020870000000000003
-0.025310000000000003
0.13268000000000002
-0.137
0.032
1.545
-0.02084
-0.025370000000000004
0.1327
-0.131
0.026000000000000002
1.545
-0.020870000000000003
-0.02534
0.13266
-0.14300000000000002
0.033
1.549
-0.02083
-0.02536
0.13267
-0.14200000000000002
0.022
1.551
-0.020800000000000003
-0.02543
0.13268000000000002
-0.14100000000000001
0.023
1.539
-0.02083
-0.02543
0.13268000000000002
-0.14400000000000002
0.016
1.55
-0.02083
-0.025490000000000002
0.13271000000000002
-0.14300000000000002
0.017
1.539
-0.020890000000000002
-0.025500000000000002
0.13271000000000002
-0.145
0.013000000000000001
1.549
-0.02093
-0.025550000000000003
0.13274000000000002
-0.145
0.019
1.537
-0.02103
-0.025550000000000003
0.13274000000000002
-0.147
0.02
1.547
-0.0211
-0.025580000000000002
0.13277
-0.147
0.029
1.536
-0.021220000000000003
-0.025570000000000002
0.13279000000000002
-0.148
0.031
1.545
-0.021290000000000003
-0.02559
0.13281
-0.148
0.042
1.532
-0.021390000000000003
-0.025570000000000002
0.13284
-0.145
0.042
1.539
-0.02142
-0.025570000000000002
0.13287000000000002
-0.145
0.047
1.5270000000000001
-0.021490000000000002
-0.025560000000000003
0.13289
-0.14200000000000002
0.043000000000000003
1.534
-0.021490000000000002
-0.025560000000000003
0.13289
-0.14200000000000002
0.042
1.5230000000000001
-0.02153
-0.025550000000000003
0.13272
-0.14100000000000001
0.035
1.526
-0.02153
-0.025570000000000002
0.13225
-0.146
0.037
1.51
-0.02161
-0.025540000000000004
0.13143000000000002
-0.15
0.03
1.51
-0.021670000000000002
-0.025570000000000002
0.12996000000000002
-0.162
0.047
1.496
-0.021660000000000002
-0.02562
0.12785000000000002
-0.182
0.051000000000000004
1.48
-0.021730000000000003
-0.025730000000000003
0.12501
-0.20400000000000001
0.07200000000000001
1.461
-0.02176
-0.025840000000000002
0.12132000000000001
-0.23
0.085
1.448
-0.021830000000000002
-0.026060000000000003
0.11676
-0.259
0.098
1.427
-0.02194
-0.026310000000000004
0.11124
-0.29
0.117
1.417
-0.022080000000000002
-0.02662
0.10481000000000001
-0.321
0.135
1.408
-0.02178
-0.025640000000000003
0.10615000000000001
0.082
-0.186
1.425
-0.02153
-0.024820000000000002
0.11035
0.588
-0.48
1.52
-0.02162
-0.024700000000000003
0.11449000000000001
0.967
-0.595
1.597
-0.02169
-0.024730000000000002
0.11745000000000001
1.274
-0.617
1.627
-0.021740000000000002
-0.02485
0.11926
1.522
-0.588
1.615
-0.02161
-0.024900000000000002
0.11994
1.68
-0.554
1.542
-0.021380000000000003
-0.024900000000000002
0.12013000000000001
1.617
-0.505
1.337
-0.02117
-0.024790000000000003
0.11953000000000001
1.483
-0.464
1.123
-0.020620000000000003
-0.024550000000000002
0.11749000000000001
1.313
-0.41300000000000003
0.891
-0.02032
-0.024290000000000003
0.11470000000000001
1.1260000000000001
-0.324
0.6950000000000001
-0.020200000000000003
-0.024480000000000002
0.11114
0.782
-0.225
0.458
-0.02043
-0.024730000000000002
0.10694000000000001
0.389
-0.062
0.357
-0.02117
-0.02569
0.10494
-0.256
0.093
0.418
-0.021580000000000002
-0.026560000000000004
0.1067
-0.722
0.127
0.553
-0.021800000000000003
-0.027370000000000002
0.10897000000000001
-0.973
0.151
0.655
-0.022070000000000003
-0.027750000000000004
0.11064
-1.094
0.154
0.723
-0.02238
-0.028040000000000002
0.11166000000000001
-1.1340000000000001
0.159
0.768
-0.02253
-0.028110000000000003
0.11201000000000001
-1.082
0.159
0.788
-0.022840000000000003
-0.02816
0.11148000000000001
-0.9400000000000001
0.176
0.809
-0.02313
-0.027790000000000002
0.10958000000000001
-0.775
0.195
0.853
-0.02323
-0.02755
0.10864000000000001
-0.461
0.184
0.806
-0.02323
-0.027000000000000003
0.10748
-0.134
0.14300000000000002
0.763
-0.02313
-0.026480000000000004
0.10704000000000001
0.168
0.054
0.8
-0.023280000000000002
-0.026150000000000003
0.10697000000000001
0.334
0.006
0.89
-0.02331
-0.025890000000000003
0.10686000000000001
0.334
-0.091
0.99
-0.023190000000000002
-0.025810000000000003
0.10674000000000002
0.188
-0.196
1.029
-0.02338000000011671
-0.025840000000077808
0.10676000000003891
0.01899999984050092
-0.17099999996887824
1.0870000000466826
-0.023620000000000002
-0.02586
0.10674000000000002
-0.165
-0.057
1.195
-0.023840000000000004
-0.02629
0.10707000000000001
-0.324
-0.029
1.211
-0.02426
-0.026740000000000003
0.10709
-0.439
0.094
1.289
-0.02451
-0.02704
0.10679000000000001
-0.47200000000000003
0.176
1.366
-0.02474
-0.02731
0.10643000000000001
-0.403
0.191
1.4000000000000001
-0.02492
-0.027450000000000002
0.10569
-0.272
0.17300000000000001
1.431
-0.02502
-0.02748
0.10511000000000001
-0.09
0.09
1.469
-0.025060000000000002
-0.027580000000000004
0.10588
0.123
-0.083
1.5150000000000001
-0.025030000000000004
-0.027780000000000003
0.10703000000000001
0.23800000000000002
-0.22
1.574
-0.025400000000000002
-0.027760000000000003
0.10755
0.295
-0.246
1.609
-0.02547000000019345
-0.02796000000038689
0.1076799999997421
0.28699999994196645
-0.2639999999742073
1.6130000000064482
-0.0256
-0.028280000000000003
0.10724
0.22
-0.224
1.603
-0.025620000000207567
-0.028690000000622704
0.10626999999854704
0.10099999979243271
-0.14399999982702727
1.565999999930811
-0.025710000000000004
-0.029330000000000002
0.10543000000000001
-0.114
0.009000000000000001
1.514
-0.02585
-0.029670000000000002
0.10529000000000001
-0.262
0.145
1.493
-0.02585
-0.029670000000000002
0.10529000000000001
-0.262
0.145
1.493
-0.02585
-0.029670000000000002
0.10529000000000001
-0.262
0.145
1.493
-0.02585
-0.029670000000000002
0.10529000000000001
-0.262
0.145
1.493
-0.02585
-0.029670000000000002
0.10529000000000001
-0.262
0.145
1.493
-0.02585
-0.029670000000000002
0.10529000000000001
-0.262
0.145
1.493
-0.02585
-0.029670000000000002
0.10529000000000001
-0.262
0.145
1.493
-0.02585
-0.029670000000000002
0.10529000000000001
-0.262
0.145
1.493
-0.02585
-0.029670000000000002
0.10529000000000001
-0.262
0.145
1.493
-0.02585
-0.029670000000000002
0.10529000000000001
-0.262
0.145
1.493
-0.02585
-0.029670000000000002
0.10529000000000001
-0.262
0.145
1.493
-0.02585
-0.029670000000000002
0.10529000000000001
-0.262
0.145
1.493
-0.02585
-0.029670000000000002
0.10529000000000001
-0.262
0.145
1.493
-0.02585
-0.029670000000000002
0.10529000000000001
-0.262
0.145
1.493
-0.02585
-0.029670000000000002
0.10529000000000001
-0.262
0.145
1.493
-0.02585
-0.029670000000000002
0.10529000000000001
-0.262
0.145
1.493
-0.02585
-0.029670000000000002
0.10529000000000001
-0.262
0.145
1.493
-0.02585
-0.029670000000000002
0.10529000000000001
-0.262
0.145
1.493
-0.02585
-0.029670000000000002
0.10529000000000001
-0.262
0.145
1.493
-0.02585
-0.029670000000000002
0.10529000000000001
-0.262
0.145
1.493
-0.02585
-0.029670000000000002
0.10529000000000001
-0.262
0.145
1.493
-0.02585
-0.029670000000000002
0.10529000000000001
-0.262
0.145
1.493
-0.02585
-0.029670000000000002
0.10529000000000001
-0.262
0.145
1.493
-0.02585
-0.029670000000000002
0.10529000000000001
-0.262
0.145
1.493
-0.02585
-0.029670000000000002
0.10529000000000001
-0.262
0.145
1.493
-0.02585
-0.029670000000000002
0.10529000000000001
-0.262
0.145
1.493
-0.02585
-0.029670000000000002
0.10529000000000001
-0.262
0.145
1.493
-0.02585
-0.029670000000000002
0.10529000000000001
-0.262
0.145
1.493
-0.02585
-0.029670000000000002
0.10529000000000001
-0.262
0.145
1.493
-0.02585
-0.029670000000000002
0.10529000000000001
-0.262
0.145
1.493
-0.02585
-0.029670000000000002
0.10529000000000001
-0.262
0.145
1.493
-0.02585
-0.029670000000000002
0.10529000000000001
-0.262
0.145
1.493
-0.02585
-0.029670000000000002
0.10529000000000001
-0.262
0.145
1.493
-0.02585
-0.029670000000000002
0.10529000000000001
-0.262
0.145
1.493
-0.02585
-0.029670000000000002
0.10529000000000001
-0.262
0.145
1.493
-0.02585
-0.029670000000000002
0.10529000000000001
-0.262
0.145
1.493
-0.02585
-0.029670000000000002
0.10529000000000001
-0.262
0.145
1.493
-0.02585
-0.029670000000000002
0.10529000000000001
-0.262
0.145
1.493
-0.02585
-0.029670000000000002
0.10529000000000001
-0.262
0.145
1.493
-0.02585
-0.029670000000000002
0.10529000000000001
-0.262
0.145
1.493
-0.02585
-0.029670000000000002
0.10529000000000001
-0.262
0.145
1.493
-0.02585
-0.029670000000000002
0.10529000000000001
-0.262
0.145
1.493
-0.02585
-0.029670000000000002
0.10529000000000001
-0.262
0.145
1.493
-0.02585
-0.029670000000000002
0.10529000000000001
-0.262
0.145
1.493
-0.02585
-0.029670000000000002
0.10529000000000001
-0.262
0.145
1.493
-0.02585
-0.029670000000000002
0.10529000000000001
-0.262
0.145
1.493
-0.02585
-0.029670000000000002
0.10529000000000001
-0.262
0.145
1.493
-0.02585
-0.029670000000000002
0.10529000000000001
-0.262
0.145
1.493
-0.02585
-0.029670000000000002
0.10529000000000001
-0.262
0.145
1.493
-0.02585
-0.029670000000000002
0.10529000000000001
-0.262
0.145
1.493
-0.02585
-0.029670000000000002
0.10529000000000001
-0.262
0.145
1.493
-0.02585
-0.029670000000000002
0.10529000000000001
-0.262
0.145
1.493
-0.02585
-0.029670000000000002
0.10529000000000001
-0.262
0.145
1.493
-0.02585
-0.029670000000000002
0.10529000000000001
-0.262
0.145
1.493
-0.02585
-0.029670000000000002
0.10529000000000001
-0.262
0.145
1.493
-0.02585
-0.029670000000000002
0.10529000000000001
-0.262
0.145
1.493
-0.02585
-0.029670000000000002
0.10529000000000001
-0.262
0.145
1.493
-0.02585
-0.029670000000000002
0.10529000000000001
-0.262
0.145
1.493
-0.02585
-0.029670000000000002
0.10529000000000001
-0.262
0.145
1.493
-0.02585
-0.029670000000000002
0.10529000000000001
-0.262
0.145
1.493
-0.02585
-0.029670000000000002
0.10529000000000001
-0.262
0.145
1.493
-0.02585
-0.029670000000000002
0.10529000000000001
-0.262
0.145
1.493
-0.02585
-0.029670000000000002
0.10529000000000001
-0.262
0.145
1.493
-0.02585
-0.029670000000000002
0.10529000000000001
-0.262
0.145
1.493
-0.02585
-0.029670000000000002
0.10529000000000001
-0.262
0.145
1.493
-0.02585
-0.029670000000000002
0.10529000000000001
-0.262
0.145
1.493
-0.02585
-0.029670000000000002
0.10529000000000001
-0.262
0.145
1.493
-0.02585
-0.029670000000000002
0.10529000000000001
-0.262
0.145
1.493
-0.02585
-0.029670000000000002
0.10529000000000001
-0.262
0.145
1.493
-0.02585
-0.029670000000000002
0.10529000000000001
-0.262
0.145
1.493
-0.02585
-0.029670000000000002
0.10529000000000001
-0.262
0.145
1.493
-0.02585
-0.029670000000000002
0.10529000000000001
-0.262
0.145
1.493
-0.02585
-0.029670000000000002
0.10529000000000001
-0.262
0.145
1.493
-0.02585
-0.029670000000000002
0.10529000000000001
-0.262
0.145
1.493
-0.02585
-0.029670000000000002
0.10529000000000001
-0.262
0.145
1.493
-0.02585
-0.029670000000000002
0.10529000000000001
-0.262
0.145
1.493
-0.02585
-0.029670000000000002
0.10529000000000001
-0.262
0.145
1.493
-0.02585
-0.029670000000000002
0.10529000000000001
-0.262
0.145
1.493
-0.02585
-0.029670000000000002
0.10529000000000001
-0.262
0.145
1.493
-0.02585
-0.029670000000000002
0.10529000000000001
-0.262
0.145
1.493
-0.02585
-0.029670000000000002
0.10529000000000001
-0.262
0.145
1.493
-0.02585
-0.029670000000000002
0.10529000000000001
-0.262
0.145
1.493
-0.02585
-0.029670000000000002
0.10529000000000001
-0.262
0.145
1.493
-0.02585
-0.029670000000000002
0.10529000000000001
-0.262
0.145
1.493
-0.02585
-0.029670000000000002
0.10529000000000001
-0.262
0.145
1.493
-0.02585
-0.029670000000000002
0.10529000000000001
-0.262
0.145
1.493
-0.02585
-0.029670000000000002
0.10529000000000001
-0.262
0.145
1.493
-0.02585
-0.029670000000000002
0.10529000000000001
-0.262
0.145
1.493
-0.02585
-0.029670000000000002
0.10529000000000001
-0.262
0.145
1.493
-0.02585
-0.029670000000000002
0.10529000000000001
-0.262
0.145
1.493
-0.02585
-0.029670000000000002
0.10529000000000001
-0.262
0.145
1.493
-0.02585
-0.029670000000000002
0.10529000000000001
-0.262
0.145
1.493
-0.02585
-0.029670000000000002
0.10529000000000001
-0.262
0.145
1.493
-0.02585
-0.029670000000000002
0.10529000000000001
-0.262
0.145
1.493
-0.02585
-0.029670000000000002
0.10529000000000001
-0.262
0.145
1.493
-0.02585
-0.029670000000000002
0.10529000000000001
-0.262
0.145
1.493
-0.02585
-0.029670000000000002
0.10529000000000001
-0.262
0.145
1.493
-0.02585
-0.029670000000000002
0.10529000000000001
-0.262
0.145
1.493
-0.02585
-0.029670000000000002
0.10529000000000001
-0.262
0.145
1.493
-0.02585
-0.029670000000000002
0.10529000000000001
-0.262
0.145
1.493
-0.02585
-0.029670000000000002
0.10529000000000001
-0.262
0.145
1.493
-0.02585
-0.029670000000000002
0.10529000000000001
-0.262
0.145
1.493
-0.02585
-0.029670000000000002
0.10529000000000001
-0.262
0.145
1.493
-0.02585
-0.029670000000000002
0.10529000000000001
-0.262
0.145
1.493
-0.02585
-0.029670000000000002
0.10529000000000001
-0.262
0.145
1.493
-0.02585
-0.029670000000000002
0.10529000000000001
-0.262
0.145
1.493
-0.02585
-0.029670000000000002
0.10529000000000001
-0.262
0.145
1.493
-0.02585
-0.029670000000000002
0.10529000000000001
-0.262
0.145
1.493
-0.02585
-0.029670000000000002
0.10529000000000001
-0.262
0.145
1.493
-0.02585
-0.029670000000000002
0.10529000000000001
-0.262
0.145
1.493
-0.02585
-0.029670000000000002
0.10529000000000001
-0.262
0.145
1.493
-0.02585
-0.029670000000000002
0.10529000000000001
-0.262
0.145
1.493
-0.02585
-0.029670000000000002
0.10529000000000001
-0.262
0.145
1.493
-0.02585
-0.029670000000000002
0.10529000000000001
-0.262
0.145
1.493
-0.02585
-0.029670000000000002
0.10529000000000001
-0.262
0.145
1.493
-0.02585
-0.029670000000000002
0.10529000000000001
-0.262
0.145
1.493
-0.02585
-0.029670000000000002
0.10529000000000001
-0.262
0.145
1.493
-0.02585
-0.029670000000000002
0.10529000000000001
-0.262
0.145
1.493
-0.02585
-0.029670000000000002
0.10529000000000001
-0.262
0.145
1.493
-0.02585
-0.029670000000000002
0.10529000000000001
-0.262
0.145
1.493
-0.02585
-0.029670000000000002
0.10529000000000001
-0.262
0.145
1.493
-0.02585
-0.029670000000000002
0.10529000000000001
-0.262
0.145
1.493
-0.02585
-0.029670000000000002
0.10529000000000001
-0.262
0.145
1.493
-0.02585
-0.029670000000000002
0.10529000000000001
-0.262
0.145
1.493
-0.02585
-0.029670000000000002
0.10529000000000001
-0.262
0.145
1.493
-0.02585
-0.029670000000000002
0.10529000000000001
-0.262
0.145
1.493
-0.02585
-0.029670000000000002
0.10529000000000001
-0.262
0.145
1.493
-0.02585
-0.029670000000000002
0.10529000000000001
-0.262
0.145
1.493
-0.02585
-0.029670000000000002
0.10529000000000001
-0.262
0.145
1.493
-0.02585
-0.029670000000000002
0.10529000000000001
-0.262
0.145
1.493
-0.02585
-0.029670000000000002
0.10529000000000001
-0.262
0.145
1.493
-0.02585
-0.029670000000000002
0.10529000000000001
-0.262
0.145
1.493
-0.02585
-0.029670000000000002
0.10529000000000001
-0.262
0.145
1.493
-0.02585
-0.029670000000000002
0.10529000000000001
-0.262
0.145
1.493
-0.02585
-0.029670000000000002
0.10529000000000001
-0.262
0.145
1.493
-0.02585
-0.029670000000000002
0.10529000000000001
-0.262
0.145
1.493
-0.02585
-0.029670000000000002
0.10529000000000001
-0.262
0.145
1.493
-0.02585
-0.029670000000000002
0.10529000000000001
-0.262
0.145
1.493
-0.02585
-0.029670000000000002
0.10529000000000001
-0.262
0.145
1.493
-0.02585
-0.029670000000000002
0.10529000000000001
-0.262
0.145
1.493
-0.02585
-0.029670000000000002
0.10529000000000001
-0.262
0.145
1.493
-0.02585
-0.029670000000000002
0.10529000000000001
-0.262
0.145
1.493
-0.02585
-0.029670000000000002
0.10529000000000001
-0.262
0.145
1.493
-0.02585
-0.029670000000000002
0.10529000000000001
-0.262
0.145
1.493
-0.02585
-0.029670000000000002
0.10529000000000001
-0.262
0.145
1.493
-0.02585
-0.029670000000000002
0.10529000000000001
-0.262
0.145
1.493
-0.02585
-0.029670000000000002
0.10529000000000001
-0.262
0.145
1.493
-0.02585
-0.029670000000000002
0.10529000000000001
-0.262
0.145
1.493
-0.02585
-0.029670000000000002
0.10529000000000001
-0.262
0.145
1.493
-0.02585
-0.029670000000000002
0.10529000000000001
-0.262
0.145
1.493
-0.02585
-0.029670000000000002
0.10529000000000001
-0.262
0.145
1.493
-0.02585
-0.029670000000000002
0.10529000000000001
-0.262
0.145
1.493
-0.02585
-0.029670000000000002
0.10529000000000001
-0.262
0.145
1.493
-0.02585
-0.029670000000000002
0.10529000000000001
-0.262
0.145
1.493
-0.02585
-0.029670000000000002
0.10529000000000001
-0.262
0.145
1.493
-0.02585
-0.029670000000000002
0.10529000000000001
-0.262
0.145
1.493
-0.02585
-0.029670000000000002
0.10529000000000001
-0.262
0.145
1.493
-0.02585
-0.029670000000000002
0.10529000000000001
-0.262
0.145
1.493
-0.02585
-0.029670000000000002
0.10529000000000001
-0.262
0.145
1.493
-0.02585
-0.029670000000000002
0.10529000000000001
-0.262
0.145
1.493
-0.02585
-0.029670000000000002
0.10529000000000001
-0.262
0.145
1.493
-0.02585
-0.029670000000000002
0.10529000000000001
-0.262
0.145
1.493
-0.02585
-0.029670000000000002
0.10529000000000001
-0.262
0.145
1.493
-0.02585
-0.029670000000000002
0.10529000000000001
-0.262
0.145
1.493
-0.02585
-0.029670000000000002
0.10529000000000001
-0.262
0.145
1.493
-0.02585
-0.029670000000000002
0.10529000000000001
-0.262
0.145
1.493
-0.02585
-0.029670000000000002
0.10529000000000001
-0.262
0.145
1.493
-0.02585
-0.029670000000000002
0.10529000000000001
-0.262
0.145
1.493
-0.02585
-0.029670000000000002
0.10529000000000001
-0.262
0.145
1.493
-0.02585
-0.029670000000000002
0.10529000000000001
-0.262
0.145
1.493
-0.02585
-0.029670000000000002
0.10529000000000001
-0.262
0.145
1.493
-0.02585
-0.029670000000000002
0.10529000000000001
-0.262
0.145
1.493
-0.02585
-0.029670000000000002
0.10529000000000001
-0.262
0.145
1.493
-0.02585
-0.029670000000000002
0.10529000000000001
-0.262
0.145
1.493
-0.02585
-0.029670000000000002
0.10529000000000001
-0.262
0.145
1.493
-0.02585
-0.029670000000000002
0.10529000000000001
-0.262
0.145
1.493
-0.02585
-0.029670000000000002
0.10529000000000001
-0.262
0.145
1.493
-0.02585
-0.029670000000000002
0.10529000000000001
-0.262
0.145
1.493
-0.02585
-0.029670000000000002
0.10529000000000001
-0.262
0.145
1.493
-0.02585
-0.029670000000000002
0.10529000000000001
-0.262
0.145
1.493
-0.02585
-0.029670000000000002
0.10529000000000001
-0.262
0.145
1.493
-0.02585
-0.029670000000000002
0.10529000000000001
-0.262
0.145
1.493
-0.02585
-0.029670000000000002
0.10529000000000001
-0.262
0.145
1.493
-0.02585
-0.029670000000000002
0.10529000000000001
-0.262
0.145
1.493
-0.02585
-0.029670000000000002
0.10529000000000001
-0.262
0.145
1.493
-0.02585
-0.029670000000000002
0.10529000000000001
-0.262
0.145
1.493
-0.02585
-0.029670000000000002
0.10529000000000001
-0.262
0.145
1.493
-0.02585
-0.029670000000000002
0.10529000000000001
-0.262
0.145
1.493
-0.02585
-0.029670000000000002
0.10529000000000001
-0.262
0.145
1.493
-0.02585
-0.029670000000000002
0.10529000000000001
-0.262
0.145
1.493
-0.02585
-0.029670000000000002
0.10529000000000001
-0.262
0.145
1.493
-0.02585
-0.029670000000000002
0.10529000000000001
-0.262
0.145
1.493
-0.02585
-0.029670000000000002
0.10529000000000001
-0.262
0.145
1.493
-0.02585
-0.029670000000000002
0.10529000000000001
-0.262
0.145
1.493
-0.02585
-0.029670000000000002
0.10529000000000001
-0.262
0.145
1.493
-0.02585
-0.029670000000000002
0.10529000000000001
-0.262
0.145
1.493
